964 174 1243 373 Car
807 200 1008 312 Car
748 184 849 259 Car
726 185 769 232 Car
706 182 737 222 Car
695 184 710 213 Car
462 187 526 228 Car
518 185 546 218 Car
545 183 562 212 Car
564 181 589 202 Car
589 180 599 199 Car
1105 2 1170 106 Window
1053 0 1106 109 Window
1013 6 1058 115 Window
977 20 1012 123 Window
951 36 982 126 Window
923 49 951 130 Window
909 58 926 133 Window
889 61 908 136 Window
872 75 891 139 Window
858 79 873 142 Window
846 87 858 144 Window
835 88 847 146 Window
828 95 837 148 Window
350 96 370 136 Window
382 105 400 138 Window
172 84 193 126 Window
116 87 138 130 Window
1 92 29 144 Window
214 88 229 109 Window
765 117 787 141 Window
799 112 808 135 Window
766 163 785 181 Window
