693 166 744 282 Pedestrian
639 172 687 284 Pedestrian
319 167 378 291 Pedestrian
170 172 201 244 Pedestrian
460 170 494 264 Cyclist
509 170 531 230 Cyclist
535 168 564 234 Cyclist
573 169 589 186 Car
47 248 105 343 Pole
1054 84 1198 256 Window
970 103 1045 236 Window
903 117 963 224 Window
836 131 899 217 Window
712 47 738 99 Window
745 40 767 97 Window
694 54 710 101 Window
545 105 558 118 Window
548 126 558 144 Window
563 125 575 140 Window
588 116 599 129 Window
587 96 598 109 Window
370 5 399 59 Window
424 3 455 51 Window
