701 79 718 95 Window
731 78 751 98 Window
698 105 720 124 Window
730 105 750 123 Window
728 132 747 149 Window
696 131 719 150 Window
155 17 191 83 Window
150 107 193 168 Window
203 113 236 169 Window
244 121 274 172 Window
70 91 116 165 Window
6 83 48 167 Window
68 3 119 60 Window
206 38 234 104 Window
250 51 269 114 Window
283 58 304 106 Window
1058 113 1090 192 Window
437 79 469 120 Forbidden_to_stand_still
573 147 585 162 Forbidden_to_stand_still
706 183 731 241 Pedestrian
786 201 960 306 Car
724 181 823 244 Car
178 190 409 308 Car
5 195 254 372 Car
380 185 504 248 Car
492 177 559 218 Car
594 186 658 239 Car
681 176 711 213 Car
1066 2 1088 71 Window
378 47 390 84 Window
378 94 388 130 Window
