598 184 688 272 Car
731 178 858 238 Car
0 209 167 351 Car
135 206 179 266 Car
211 184 293 219 Car
330 189 409 223 Car
404 183 438 216 Car
477 185 524 216 Car
260 198 293 298 Guidance_beacon_left
861 108 889 136 Prohibition_to_approach_traffic_out_of_opposite_direction
215 90 236 126 Window
250 97 273 127 Window
217 151 233 180 Window
254 153 270 183 Window
308 159 321 184 Window
1071 125 1115 180 Window
1184 102 1239 181 Window
1179 1 1240 85 Window
1094 29 1147 98 Window
1048 47 1085 105 Window
