1077 47 1151 248 Pedestrian
719 5 1240 361 Truck
170 211 468 373 Car
399 186 521 282 Car
555 176 607 218 Car
653 176 719 231 Car
160 178 254 217 Car
2 201 121 360 Car
275 175 405 224 Car
483 174 528 197 Car
633 176 661 208 Car
612 133 665 201 Truck
81 118 111 170 Window
136 120 172 169 Window
141 24 170 86 Window
87 12 132 77 Window
2 1 27 60 Window
190 50 216 98 Window
241 61 259 104 Window
239 3 263 42 Window
191 2 213 25 Window
225 130 258 170 Window
285 139 301 171 Window
287 80 299 111 Window
287 24 302 57 Window
310 36 322 78 Window
309 91 323 129 Window
