787 180 1018 330 Car
1068 268 1239 375 Car
525 162 583 210 Car
584 167 622 197 Car
646 165 673 191 Car
716 167 731 181 Car
702 163 717 206 Cyclist
378 90 418 156 Window
376 3 414 60 Window
273 86 321 153 Window
193 88 243 156 Window
111 89 162 158 Window
188 2 241 54 Window
271 1 319 55 Window
106 1 158 57 Window
444 95 458 157 Window
466 100 479 158 Window
487 106 500 155 Window
442 2 458 69 Window
465 20 478 76 Window
486 31 496 81 Window
842 71 864 103 Window
845 22 868 52 Window
918 43 935 80 Window
951 26 978 64 Window
651 139 673 163 Window
652 107 674 128 Window
1 88 31 140 Window
2 1 31 50 Window
517 52 530 96 Window
539 59 547 98 Window
551 64 561 101 Window
571 70 583 105 Window
519 119 532 158 Window
537 121 549 158 Window
552 122 563 157 Window
573 126 584 158 Window
