823 207 1070 334 Car
1042 195 1241 369 Car
757 185 867 264 Car
728 185 784 237 Car
708 182 746 223 Car
453 188 522 231 Car
504 187 539 220 Car
563 178 587 204 Car
1030 5 1078 99 Window
993 15 1031 107 Window
963 31 997 113 Window
939 36 965 121 Window
919 53 945 124 Window
812 94 831 152 Window
829 85 855 147 Window
852 73 883 144 Window
881 58 917 136 Window
1079 5 1137 94 Window
1140 106 1213 195 Window
1080 111 1134 193 Window
1033 119 1083 203 Window
996 122 1036 215 Window
964 126 998 203 Window
338 91 365 130 Window
371 98 396 140 Window
151 81 182 129 Window
96 84 119 128 Window
51 82 80 131 Window
764 115 792 139 Window
768 160 788 184 Window
485 55 494 187 Lamppost
568 102 576 173 Lamppost
