806 258 1068 359 Parking_lots
773 176 919 257 Car
591 178 656 238 Car
702 180 826 230 Car
335 182 436 240 Car
492 179 541 207 Car
164 179 287 242 Car
4 198 171 292 Car
450 178 508 208 Car
454 9 477 241 Lamppost
599 112 606 126 Traffic_lights
641 112 650 127 Traffic_lights
527 153 536 165 Traffic_lights
1088 112 1137 183 Window
988 132 1023 180 Window
988 61 1017 114 Window
1027 47 1062 105 Window
1089 28 1140 96 Window
350 99 368 134 Window
379 101 398 138 Window
348 146 372 180 Window
380 151 397 182 Window
106 145 143 185 Window
172 147 202 186 Window
197 8 217 39 Window
246 19 267 51 Window
288 30 309 61 Window
329 42 343 68 Window
361 49 377 74 Window
1085 242 1104 286 Pole
1161 250 1176 294 Pole
