807 94 843 151 Window
843 70 903 137 Window
906 46 971 127 Window
968 24 1033 115 Window
1039 3 1133 107 Window
186 86 217 129 Window
358 96 383 138 Window
393 104 407 141 Window
356 43 375 81 Window
380 49 392 88 Window
227 93 246 112 Window
132 86 161 134 Window
92 89 120 133 Window
920 180 1240 376 Car
790 200 968 299 Car
743 185 843 254 Car
721 187 770 233 Car
470 189 531 229 Car
518 187 550 214 Car
569 183 592 202 Car
665 179 691 192 Car
706 182 734 217 Car
764 119 786 141 Window
495 57 504 185 Lamppost
572 106 580 179 Lamppost
