3 190 236 285 Car
173 184 302 254 Car
252 195 348 244 Car
299 181 392 229 Car
363 188 418 229 Car
430 184 476 215 Car
625 179 645 194 Car
527 179 548 194 Car
1054 161 1146 202 Car
953 162 1043 199 Car
68 88 107 135 Window
121 102 139 135 Window
163 112 200 141 Window
164 56 195 89 Window
69 18 124 67 Window
235 115 261 150 Window
238 69 260 99 Window
283 152 304 168 Window
339 113 359 132 Window
341 151 359 169 Window
361 154 372 174 Window
282 107 305 129 Window
552 197 602 215 Continious_lane
