1099 16 1159 73 Window
1070 91 1134 150 Window
1003 27 1048 87 Window
952 47 989 99 Window
948 113 978 156 Window
994 102 1035 156 Window
912 118 936 162 Window
918 63 947 108 Window
124 82 154 127 Window
126 155 157 202 Window
6 72 38 113 Window
308 126 337 153 Window
315 165 340 190 Window
256 168 287 193 Window
363 129 380 153 Window
364 164 378 188 Window
382 166 395 188 Window
384 131 396 153 Window
534 179 567 202 Car
431 185 506 208 Car
592 178 610 192 Car
1089 145 1229 193 Car
1145 153 1241 201 Car
429 15 444 209 Lamppost
