716 196 874 292 Car
689 196 735 248 Car
660 193 698 233 Car
536 184 565 215 Car
564 183 582 199 Car
633 184 657 203 Car
344 202 487 291 Car
46 219 417 372 Car
909 161 997 291 Fence
1115 148 1208 355 Door
839 101 884 182 Window
797 116 829 181 Window
765 127 787 179 Window
739 136 757 185 Window
741 47 757 95 Window
761 28 783 82 Window
838 3 884 25 Window
796 4 828 54 Window
354 42 388 94 Window
395 63 418 106 Window
356 135 391 184 Window
396 143 419 175 Window
69 20 119 84 Window
72 125 116 170 Window
435 83 451 122 Window
455 94 470 126 Window
438 148 452 180 Window
455 153 474 186 Window
494 190 549 236 Car
